$ANSIBLE_VAULT;1.1;AES256
38313663303830626532623634343866346636363639643064636466316566353362373332643063
3262316530386561346332376132653166336365643165350a316162353232386134333137383735
63303766366438396136366534353438393131366162343439346164343730333634646564303836
6665633863373034350a306232316136366136623866633634303863356363373932626266313864
66363033383333666463633535373564313235356336626333646265643335616436643839633662
31363939663166376564376434633865373566313034663964383139376532306663323239623539
62353130363935663335336661636231356561353336653330633634653631356334346632396561
62323661613731383132366365636331306638653063633362333430643834323662396236663433
33306463303662333163343964353236386565383564373333336562613162376531333266653264
30393839313263383837633331336363666366663237333766613331623638323666393531346230
37343532626162613838616131373738363261323931323633353235373966346563383537326533
30313931643865613536623730376535313235636337396331373463393666306233376566623866
31383031623432366337643137646562336661366132636465636430313061343239313838346666
65656661396165643362343632616639353432666337356438623565653236613335346236353536
66343237316165366630343466313130333039393665343066373833353763643031613939653965
63366537376331353838303934653162303762386435656564343636323038326332623531326463
36326231313462353965346137373733363438343338643639616531363766373265666638393137
62396535626638653133386132633731366134306464353831396133303739663131626436386239
37656132343334353831303861303564376261323030633164613761623230633134323933313566
63383138366365363637343663643937643931383166313464396135623133383530303031393762
34613930366333386164633933613262356439623534623037633933623531333730623963323665
32323239313137396331383432346465313932346266636564393536626531656138646562383437
39643538366263303966363464343239646433303862353462343139653839383266346365323337
65646136666538396561656534313164396330346534363265613735393734633466336637306537
30353638663038666435653830633039613730316365336161393863313530363231343766663436
64663334613431343531666161656639656634346561366661326637353134626438363266623034
63363338323938343064386666666637313231396332393464623562323136373731616463623961
61636435336166383135626630376532633436313464323030353264366461383330623962386532
63626562643238666163646166666439633265313165303037363532653330613338376635346365
63633462346164636164303764666538393731663964343738333032653635373465356537656633
64323331343966613966626238623337643933613062623332383939353763396430323836616466
61346362313834376666613534633339383138643064373533323732613538326530633237653630
34636536633161633832616363366335306161323537306437386263313265313961366666353663
66643935346130336665613962663034623665616264373137313034623138373263303730363433
62363836636437666230616138363638646462393538636139373736616465376433373731333133
63653339323836316535363436313664653038646263336463353166346133316336633435633535
39386234383833343234396566343166666636633463623662613263326435616264323532653861
32343031663338636639626364613762646264336461663562316636346230633363636666663437
30363135326165633534653332396336653833303135636334663037383631323561326561306539
32336462663339656237356263353866313738393638353331666231616539326362326338653330
61356561303031343564396562356132646664393765353666353136363666366666383333373664
65653363306239316635386566303834393161633237653139646534383635653862386231653861
33343565363233393437343464323866303132313262613132373635356237313862333462636466
63363135663636336530646134616661376664663830326662316533653366343465626466363063
63396132653834613633633564643933383863363966346530353966623339336239613639353438
37636138663264386165663564343630333934346531636536663261613164646338366261633765
66633734346438376165333039653861666631316564663961626432663136316432643038656266
30643963323935613332666132636234666361663564386364373362303966303465666631663638
64633664316338383463376139383530363139613539333931356364393337336137626635666266
65653330326534643035623038646630386233613832356332643530616162333237343661663835
37373637653430613937323734313665356430346436323736356233313862663731303032356563
34626238323232303237366366346330313636356639636131303932363365613730316166646632
39626331313039666162313539646235303562363235383234613762326264363535336663623339
30666339396338653430626133613535613761336564653730626133376434393032663735636430
38353531366662363630356161636136313030396239633736306634326130613433336434616435
36663331326130323339386238396630356232666231343163653765336663393735396331616137
36373664653432316666663331626565376337353633346565373133343331343638353337653534
37393863636438316338383130346431313637613231346234643030303334363563663830333839
66306366373264656662613336323335383136613134363334376462623930343361633433356166
38613235313834636361363739636164306430383261636238316533393732353032623234316132
39616636633231323931663366633937343632333964303839313466373334623965343835383464
61303963343535373735396138663261333966616234333638623936346164363139656161663136
64663135303465333463356436386262366236316462386439656236363331633731313132313163
62323563643933306462623734396538663034373231393630386237653735643030333632313833
34646339316332643236383830653434663361346466646630373034656533363264376330656330
35376631333961663635346632343333666262633432666664323065346234633334373332303135
64316461303934616531633939666165356533356334316262393437663739636161663831386466
61663138303934363139633435333361666565366562633339613634363463306163353832386261
65666666613162323664613963363936323262626365623032313663383862393162316539386163
64633466333337343063343762653839616461663765346563616663653939373138663561333731
38663332396533323163643030633063343962343561363739336531643438633061343936353338
32653162396338343033653133316439663238316661333561313232363463663363626564643438
65386265626565353035376537396464393665336337383961663639306438306365376539333939
32363262386336346239303533323335373336656435343965376131316636393831396536316565
32626561646466613437316530366366373236646366316135313234383665376663653963363731
37623762653264323532323164386235363261323461613563383436663832656664643538323165
33313039333734396639366461393739363436313330376138373639643361326566623865396439
37393166363965316633376565313037646531616338386237353165323766613034303030396339
66643063366662613432353036633237383662633836643761613762323930653434376135393034
33363034323937633662316435633761653335366565373935623664653439313930333539363966
66343166393830386536353533636639666562376261636663333634376431393137383661646134
35346361303339643632326432313634386231346162393763383264623561633235636163343365
31366163646263636563633834636364383461336639303463633266363833376632306664656561
64336630326363643764396434623031663235656330356466313636626263616337326333656265
38343561383663333662666430306261393338623936303139323539363834613338643266653265
38313534383232376133396535356530356362643833393931663261346263343831363738373464
63386561643833376366303235373331353165323534383238313262303763363561666138303662
34613364343836316234313831363638636263323130386166666332343835303139373562396131
35633136643233616161363663306433633663373438643961323232613465333236303435376137
37313936383439373364363237386231636332613833376535663965333632306135383434633962
31643934373134363033303932653834643363313463646665363761396635626537363631653836
39323036316566623637336630383161383563313935363063663964663732313339636561393835
61383561383636313932656564663866303862303334363233323636353134396231663737366361
30656234623539616466623131353732303230333236633261633332303836313661313035336230
38373364363335613839366637303465653035623736303937393464666464353832356231656230
34333739343934343938396232356536306531373833623561623736356164363636363034636539
32313862643266653065316335383337323163336330623734626237343732356332656361336233
63396530316463636239643866333865393537663631353739383435346434396137623235363933
64373834316339623265333536373364346435306465613139646633313461623164353864303836
61313034653039343130336365393837363866643838333537393966306538653833383662626634
31363861326363323038663330363334343635393065363531663038363833643731643761363630
32306461343632656435656634326431306536343033366338643034313537326331316262346462
36373739373436643332663562656464356563306337386435323933663835353364613265633164
65303339343863363965343962646261626136373234306537386563373365623231383935643462
35376361613362356664653836666264323533373031363535623330336132613031316537303135
38343064643832323061623366396135626164653762346634346365313935383932333932303832
38353962336130396133346436613463643835666338663432383032663936336361666634663635
64626238323930366639343733326565616430373064633366393533663930643039313830333966
64393166343337613361646537663731376135633733326665346565383761636239386532323830
35653836653433643535373730626661373331313638616234333231336362303136336331623339
39636230643731303535306163663330666664363539363934383263646636636130323665363532
62623663643836656630376165393436323437316664336665623563336561313562363662306362
33643433633137353733366335626261646635333865346236383733636233383666643238633132
34663464623064623631326239333435383335663266396434643936643964653038343337353132
36386133633031613731623766616561346232643233666230643530303263663738313735396431
30366134316131643662356331626432346564366331393238396561373137633631393034626533
66663738666637643236653838636561343334323434666337323064303663353363623234393561
37336364663734393863616165366462373139623663353462636537303035363762356537383633
66653661363330373631373834663962316435363138666562623536363432386638666638343338
64396437666132336138346337613736643164343863626338363662353037663139393763353662
64346338373230373739356362313765613162633330336434666666666461616234643162383664
38393932623833366639393065313830396637626431643063376232306538396636373739666534
37316330313663353138373938303662353063316531663432326333343965303939643531306362
66663166313161663966306534616630356231303036613662393565363132306139306239633435
34333363336162626132343365313865353931666238303437663535393330346639383338623566
66643466306163326263303538383534336538613763316561313132306236393432373439306466
66623364363130396366396165363331376265333066343430323435396430363066313566393335
66646235316661313232353131623231633562383634326335363631356362363835343031653730
39623731623830353731373337656233316663623363636562643066663537626266303535363564
38353163353830383832316337633133636264373539353461643361353334363138316131663164
63353633353435396663313232356132346666626339343133376638393032363963313437363033
64613366643863666637626566633634313734396437333432643065643534333030313530633166
61366231393434646364303838313539386462643733656164643337643531343934633835393961
64353136333233393431663435653834623436646462633539383066343730316338373938616631
376430316436633139616632666237643266
